{
 "cells": [
  {
   "cell_type": "code",
   "execution_count": 3,
   "id": "36247365-8d02-4aa6-898a-c45a6faaffef",
   "metadata": {},
   "outputs": [],
   "source": [
    "import pandas as pd\n",
    "from IPython.display import display, Markdown"
   ]
  },
  {
   "cell_type": "code",
   "execution_count": 1,
   "id": "3f082035-910b-4c7a-bc88-5fdaa3b4f456",
   "metadata": {},
   "outputs": [],
   "source": [
    "def display_shapes(shapes):\n",
    "    h_first = shapes.sort_values(\"shape_h\", ascending=False)\n",
    "    w_first = shapes.sort_values(\"shape_w\", ascending=False)\n",
    "    area = shapes.sort_values(\"area\", ascending=False)\n",
    "\n",
    "    display(Markdown(\"## H\"))\n",
    "    display(h_first.head(30))\n",
    "    display(Markdown(\"## W\"))\n",
    "    display(w_first.head(30))\n",
    "    display(Markdown(\"## Area\"))\n",
    "    display(area.head(30))"
   ]
  },
  {
   "cell_type": "markdown",
   "id": "185d0f0c-f8f4-4a4f-81aa-705fc4b76d25",
   "metadata": {},
   "source": [
    "# Shapes"
   ]
  },
  {
   "cell_type": "code",
   "execution_count": 4,
   "id": "780983e6-7244-424b-9fb3-af80d7e45c23",
   "metadata": {},
   "outputs": [
    {
     "data": {
      "text/markdown": [
       "## H"
      ],
      "text/plain": [
       "<IPython.core.display.Markdown object>"
      ]
     },
     "metadata": {},
     "output_type": "display_data"
    },
    {
     "data": {
      "text/html": [
       "<div>\n",
       "<style scoped>\n",
       "    .dataframe tbody tr th:only-of-type {\n",
       "        vertical-align: middle;\n",
       "    }\n",
       "\n",
       "    .dataframe tbody tr th {\n",
       "        vertical-align: top;\n",
       "    }\n",
       "\n",
       "    .dataframe thead th {\n",
       "        text-align: right;\n",
       "    }\n",
       "</style>\n",
       "<table border=\"1\" class=\"dataframe\">\n",
       "  <thead>\n",
       "    <tr style=\"text-align: right;\">\n",
       "      <th></th>\n",
       "      <th>patient_id</th>\n",
       "      <th>series_id</th>\n",
       "      <th>shape_h</th>\n",
       "      <th>shape_w</th>\n",
       "      <th>z_positions</th>\n",
       "      <th>area</th>\n",
       "    </tr>\n",
       "  </thead>\n",
       "  <tbody>\n",
       "    <tr>\n",
       "      <th>2432</th>\n",
       "      <td>3975</td>\n",
       "      <td>18519</td>\n",
       "      <td>624</td>\n",
       "      <td>624</td>\n",
       "      <td>[1801.5, 1800.7, 1799.9, 1799.1, 1798.3, 1797....</td>\n",
       "      <td>389376</td>\n",
       "    </tr>\n",
       "    <tr>\n",
       "      <th>2433</th>\n",
       "      <td>3975</td>\n",
       "      <td>35663</td>\n",
       "      <td>621</td>\n",
       "      <td>621</td>\n",
       "      <td>[1876.9, 1876.1, 1875.3, 1874.5, 1873.7, 1872....</td>\n",
       "      <td>385641</td>\n",
       "    </tr>\n",
       "    <tr>\n",
       "      <th>2408</th>\n",
       "      <td>3950</td>\n",
       "      <td>64398</td>\n",
       "      <td>611</td>\n",
       "      <td>611</td>\n",
       "      <td>[-776.3, -777.1, -777.9, -778.7, -779.5, -780....</td>\n",
       "      <td>373321</td>\n",
       "    </tr>\n",
       "    <tr>\n",
       "      <th>2407</th>\n",
       "      <td>3950</td>\n",
       "      <td>16705</td>\n",
       "      <td>611</td>\n",
       "      <td>611</td>\n",
       "      <td>[-975.5, -976.3, -977.1, -977.9, -978.7, -979....</td>\n",
       "      <td>373321</td>\n",
       "    </tr>\n",
       "    <tr>\n",
       "      <th>3261</th>\n",
       "      <td>50519</td>\n",
       "      <td>31308</td>\n",
       "      <td>601</td>\n",
       "      <td>601</td>\n",
       "      <td>[1978.6, 1977.8, 1977.0, 1976.2, 1975.4, 1974....</td>\n",
       "      <td>361201</td>\n",
       "    </tr>\n",
       "    <tr>\n",
       "      <th>3260</th>\n",
       "      <td>50519</td>\n",
       "      <td>23991</td>\n",
       "      <td>601</td>\n",
       "      <td>601</td>\n",
       "      <td>[2010.6, 2009.8, 2009.0, 2008.2, 2007.4, 2006....</td>\n",
       "      <td>361201</td>\n",
       "    </tr>\n",
       "    <tr>\n",
       "      <th>874</th>\n",
       "      <td>20689</td>\n",
       "      <td>14184</td>\n",
       "      <td>583</td>\n",
       "      <td>583</td>\n",
       "      <td>[-1443.0, -1443.8, -1444.6, -1445.4, -1446.2, ...</td>\n",
       "      <td>339889</td>\n",
       "    </tr>\n",
       "    <tr>\n",
       "      <th>875</th>\n",
       "      <td>20689</td>\n",
       "      <td>48572</td>\n",
       "      <td>583</td>\n",
       "      <td>583</td>\n",
       "      <td>[-1326.0, -1326.8, -1327.6, -1328.4, -1329.2, ...</td>\n",
       "      <td>339889</td>\n",
       "    </tr>\n",
       "    <tr>\n",
       "      <th>2695</th>\n",
       "      <td>43201</td>\n",
       "      <td>33794</td>\n",
       "      <td>552</td>\n",
       "      <td>552</td>\n",
       "      <td>[1838.0, 1837.2, 1836.4, 1835.6, 1834.8, 1834....</td>\n",
       "      <td>304704</td>\n",
       "    </tr>\n",
       "    <tr>\n",
       "      <th>3341</th>\n",
       "      <td>5149</td>\n",
       "      <td>28128</td>\n",
       "      <td>544</td>\n",
       "      <td>544</td>\n",
       "      <td>[1455.5, 1454.7, 1453.9, 1453.1, 1452.3, 1451....</td>\n",
       "      <td>295936</td>\n",
       "    </tr>\n",
       "    <tr>\n",
       "      <th>2928</th>\n",
       "      <td>46583</td>\n",
       "      <td>12323</td>\n",
       "      <td>543</td>\n",
       "      <td>543</td>\n",
       "      <td>[-156.5, -159.0, -161.5, -164.0, -166.5, -169....</td>\n",
       "      <td>294849</td>\n",
       "    </tr>\n",
       "    <tr>\n",
       "      <th>1010</th>\n",
       "      <td>2254</td>\n",
       "      <td>687</td>\n",
       "      <td>538</td>\n",
       "      <td>538</td>\n",
       "      <td>[-419.6, -420.4, -421.2, -422.0, -422.8, -423....</td>\n",
       "      <td>289444</td>\n",
       "    </tr>\n",
       "    <tr>\n",
       "      <th>1009</th>\n",
       "      <td>2254</td>\n",
       "      <td>15570</td>\n",
       "      <td>538</td>\n",
       "      <td>538</td>\n",
       "      <td>[-475.0, -476.0, -477.0, -478.0, -479.0, -480....</td>\n",
       "      <td>289444</td>\n",
       "    </tr>\n",
       "    <tr>\n",
       "      <th>1296</th>\n",
       "      <td>26009</td>\n",
       "      <td>6135</td>\n",
       "      <td>535</td>\n",
       "      <td>535</td>\n",
       "      <td>[-757.5, -759.1, -760.7, -762.3, -763.9, -765....</td>\n",
       "      <td>286225</td>\n",
       "    </tr>\n",
       "    <tr>\n",
       "      <th>2210</th>\n",
       "      <td>37028</td>\n",
       "      <td>25758</td>\n",
       "      <td>532</td>\n",
       "      <td>532</td>\n",
       "      <td>[-845.0, -846.0, -847.0, -848.0, -849.0, -850....</td>\n",
       "      <td>283024</td>\n",
       "    </tr>\n",
       "    <tr>\n",
       "      <th>2696</th>\n",
       "      <td>43201</td>\n",
       "      <td>37579</td>\n",
       "      <td>532</td>\n",
       "      <td>532</td>\n",
       "      <td>[1942.6, 1941.8, 1941.0, 1940.2, 1939.4, 1938....</td>\n",
       "      <td>283024</td>\n",
       "    </tr>\n",
       "    <tr>\n",
       "      <th>2211</th>\n",
       "      <td>37028</td>\n",
       "      <td>45013</td>\n",
       "      <td>532</td>\n",
       "      <td>532</td>\n",
       "      <td>[-810.6, -811.4, -812.2, -813.0, -813.8, -814....</td>\n",
       "      <td>283024</td>\n",
       "    </tr>\n",
       "    <tr>\n",
       "      <th>3342</th>\n",
       "      <td>5149</td>\n",
       "      <td>51175</td>\n",
       "      <td>528</td>\n",
       "      <td>528</td>\n",
       "      <td>[1454.5, 1453.7, 1452.9, 1452.1, 1451.3, 1450....</td>\n",
       "      <td>278784</td>\n",
       "    </tr>\n",
       "    <tr>\n",
       "      <th>4390</th>\n",
       "      <td>64769</td>\n",
       "      <td>11211</td>\n",
       "      <td>527</td>\n",
       "      <td>527</td>\n",
       "      <td>[1490.7, 1489.9, 1489.1, 1488.3, 1487.5, 1486....</td>\n",
       "      <td>277729</td>\n",
       "    </tr>\n",
       "    <tr>\n",
       "      <th>1486</th>\n",
       "      <td>28211</td>\n",
       "      <td>9673</td>\n",
       "      <td>525</td>\n",
       "      <td>525</td>\n",
       "      <td>[1909.6, 1908.8, 1908.0, 1907.2, 1906.4, 1905....</td>\n",
       "      <td>275625</td>\n",
       "    </tr>\n",
       "    <tr>\n",
       "      <th>2949</th>\n",
       "      <td>46831</td>\n",
       "      <td>21985</td>\n",
       "      <td>525</td>\n",
       "      <td>525</td>\n",
       "      <td>[1641.0, 1640.2, 1639.4, 1638.6, 1637.8, 1637....</td>\n",
       "      <td>275625</td>\n",
       "    </tr>\n",
       "    <tr>\n",
       "      <th>1341</th>\n",
       "      <td>26473</td>\n",
       "      <td>11365</td>\n",
       "      <td>525</td>\n",
       "      <td>525</td>\n",
       "      <td>[1631.0, 1627.0, 1623.0, 1619.0, 1615.0, 1611....</td>\n",
       "      <td>275625</td>\n",
       "    </tr>\n",
       "    <tr>\n",
       "      <th>3091</th>\n",
       "      <td>4852</td>\n",
       "      <td>24485</td>\n",
       "      <td>525</td>\n",
       "      <td>525</td>\n",
       "      <td>[1554.0, 1553.2, 1552.4, 1551.6, 1550.8, 1550....</td>\n",
       "      <td>275625</td>\n",
       "    </tr>\n",
       "    <tr>\n",
       "      <th>2950</th>\n",
       "      <td>46831</td>\n",
       "      <td>35782</td>\n",
       "      <td>521</td>\n",
       "      <td>521</td>\n",
       "      <td>[1639.9, 1639.1, 1638.3, 1637.5, 1636.7, 1635....</td>\n",
       "      <td>271441</td>\n",
       "    </tr>\n",
       "    <tr>\n",
       "      <th>2128</th>\n",
       "      <td>35997</td>\n",
       "      <td>53141</td>\n",
       "      <td>519</td>\n",
       "      <td>519</td>\n",
       "      <td>[562.9, 562.0999, 561.2999, 560.5, 559.7, 558....</td>\n",
       "      <td>269361</td>\n",
       "    </tr>\n",
       "    <tr>\n",
       "      <th>2129</th>\n",
       "      <td>35997</td>\n",
       "      <td>62704</td>\n",
       "      <td>519</td>\n",
       "      <td>519</td>\n",
       "      <td>[595.7999, 595.0, 594.2, 593.4, 592.5999, 591....</td>\n",
       "      <td>269361</td>\n",
       "    </tr>\n",
       "    <tr>\n",
       "      <th>1806</th>\n",
       "      <td>31966</td>\n",
       "      <td>41490</td>\n",
       "      <td>517</td>\n",
       "      <td>517</td>\n",
       "      <td>[-968.0, -969.6, -971.2, -972.8, -974.4, -976....</td>\n",
       "      <td>267289</td>\n",
       "    </tr>\n",
       "    <tr>\n",
       "      <th>1807</th>\n",
       "      <td>31966</td>\n",
       "      <td>49736</td>\n",
       "      <td>517</td>\n",
       "      <td>517</td>\n",
       "      <td>[-824.8, -825.2, -825.6, -826.0, -826.4, -826....</td>\n",
       "      <td>267289</td>\n",
       "    </tr>\n",
       "    <tr>\n",
       "      <th>1036</th>\n",
       "      <td>22957</td>\n",
       "      <td>57042</td>\n",
       "      <td>517</td>\n",
       "      <td>517</td>\n",
       "      <td>[1906.5, 1905.7, 1904.9, 1904.1, 1903.3, 1902....</td>\n",
       "      <td>267289</td>\n",
       "    </tr>\n",
       "    <tr>\n",
       "      <th>1803</th>\n",
       "      <td>31927</td>\n",
       "      <td>47897</td>\n",
       "      <td>513</td>\n",
       "      <td>513</td>\n",
       "      <td>[-718.0, -718.8, -719.6, -720.4, -721.2, -722....</td>\n",
       "      <td>263169</td>\n",
       "    </tr>\n",
       "  </tbody>\n",
       "</table>\n",
       "</div>"
      ],
      "text/plain": [
       "      patient_id  series_id  shape_h  shape_w  \\\n",
       "2432        3975      18519      624      624   \n",
       "2433        3975      35663      621      621   \n",
       "2408        3950      64398      611      611   \n",
       "2407        3950      16705      611      611   \n",
       "3261       50519      31308      601      601   \n",
       "3260       50519      23991      601      601   \n",
       "874        20689      14184      583      583   \n",
       "875        20689      48572      583      583   \n",
       "2695       43201      33794      552      552   \n",
       "3341        5149      28128      544      544   \n",
       "2928       46583      12323      543      543   \n",
       "1010        2254        687      538      538   \n",
       "1009        2254      15570      538      538   \n",
       "1296       26009       6135      535      535   \n",
       "2210       37028      25758      532      532   \n",
       "2696       43201      37579      532      532   \n",
       "2211       37028      45013      532      532   \n",
       "3342        5149      51175      528      528   \n",
       "4390       64769      11211      527      527   \n",
       "1486       28211       9673      525      525   \n",
       "2949       46831      21985      525      525   \n",
       "1341       26473      11365      525      525   \n",
       "3091        4852      24485      525      525   \n",
       "2950       46831      35782      521      521   \n",
       "2128       35997      53141      519      519   \n",
       "2129       35997      62704      519      519   \n",
       "1806       31966      41490      517      517   \n",
       "1807       31966      49736      517      517   \n",
       "1036       22957      57042      517      517   \n",
       "1803       31927      47897      513      513   \n",
       "\n",
       "                                            z_positions    area  \n",
       "2432  [1801.5, 1800.7, 1799.9, 1799.1, 1798.3, 1797....  389376  \n",
       "2433  [1876.9, 1876.1, 1875.3, 1874.5, 1873.7, 1872....  385641  \n",
       "2408  [-776.3, -777.1, -777.9, -778.7, -779.5, -780....  373321  \n",
       "2407  [-975.5, -976.3, -977.1, -977.9, -978.7, -979....  373321  \n",
       "3261  [1978.6, 1977.8, 1977.0, 1976.2, 1975.4, 1974....  361201  \n",
       "3260  [2010.6, 2009.8, 2009.0, 2008.2, 2007.4, 2006....  361201  \n",
       "874   [-1443.0, -1443.8, -1444.6, -1445.4, -1446.2, ...  339889  \n",
       "875   [-1326.0, -1326.8, -1327.6, -1328.4, -1329.2, ...  339889  \n",
       "2695  [1838.0, 1837.2, 1836.4, 1835.6, 1834.8, 1834....  304704  \n",
       "3341  [1455.5, 1454.7, 1453.9, 1453.1, 1452.3, 1451....  295936  \n",
       "2928  [-156.5, -159.0, -161.5, -164.0, -166.5, -169....  294849  \n",
       "1010  [-419.6, -420.4, -421.2, -422.0, -422.8, -423....  289444  \n",
       "1009  [-475.0, -476.0, -477.0, -478.0, -479.0, -480....  289444  \n",
       "1296  [-757.5, -759.1, -760.7, -762.3, -763.9, -765....  286225  \n",
       "2210  [-845.0, -846.0, -847.0, -848.0, -849.0, -850....  283024  \n",
       "2696  [1942.6, 1941.8, 1941.0, 1940.2, 1939.4, 1938....  283024  \n",
       "2211  [-810.6, -811.4, -812.2, -813.0, -813.8, -814....  283024  \n",
       "3342  [1454.5, 1453.7, 1452.9, 1452.1, 1451.3, 1450....  278784  \n",
       "4390  [1490.7, 1489.9, 1489.1, 1488.3, 1487.5, 1486....  277729  \n",
       "1486  [1909.6, 1908.8, 1908.0, 1907.2, 1906.4, 1905....  275625  \n",
       "2949  [1641.0, 1640.2, 1639.4, 1638.6, 1637.8, 1637....  275625  \n",
       "1341  [1631.0, 1627.0, 1623.0, 1619.0, 1615.0, 1611....  275625  \n",
       "3091  [1554.0, 1553.2, 1552.4, 1551.6, 1550.8, 1550....  275625  \n",
       "2950  [1639.9, 1639.1, 1638.3, 1637.5, 1636.7, 1635....  271441  \n",
       "2128  [562.9, 562.0999, 561.2999, 560.5, 559.7, 558....  269361  \n",
       "2129  [595.7999, 595.0, 594.2, 593.4, 592.5999, 591....  269361  \n",
       "1806  [-968.0, -969.6, -971.2, -972.8, -974.4, -976....  267289  \n",
       "1807  [-824.8, -825.2, -825.6, -826.0, -826.4, -826....  267289  \n",
       "1036  [1906.5, 1905.7, 1904.9, 1904.1, 1903.3, 1902....  267289  \n",
       "1803  [-718.0, -718.8, -719.6, -720.4, -721.2, -722....  263169  "
      ]
     },
     "metadata": {},
     "output_type": "display_data"
    },
    {
     "data": {
      "text/markdown": [
       "## W"
      ],
      "text/plain": [
       "<IPython.core.display.Markdown object>"
      ]
     },
     "metadata": {},
     "output_type": "display_data"
    },
    {
     "data": {
      "text/html": [
       "<div>\n",
       "<style scoped>\n",
       "    .dataframe tbody tr th:only-of-type {\n",
       "        vertical-align: middle;\n",
       "    }\n",
       "\n",
       "    .dataframe tbody tr th {\n",
       "        vertical-align: top;\n",
       "    }\n",
       "\n",
       "    .dataframe thead th {\n",
       "        text-align: right;\n",
       "    }\n",
       "</style>\n",
       "<table border=\"1\" class=\"dataframe\">\n",
       "  <thead>\n",
       "    <tr style=\"text-align: right;\">\n",
       "      <th></th>\n",
       "      <th>patient_id</th>\n",
       "      <th>series_id</th>\n",
       "      <th>shape_h</th>\n",
       "      <th>shape_w</th>\n",
       "      <th>z_positions</th>\n",
       "      <th>area</th>\n",
       "    </tr>\n",
       "  </thead>\n",
       "  <tbody>\n",
       "    <tr>\n",
       "      <th>2432</th>\n",
       "      <td>3975</td>\n",
       "      <td>18519</td>\n",
       "      <td>624</td>\n",
       "      <td>624</td>\n",
       "      <td>[1801.5, 1800.7, 1799.9, 1799.1, 1798.3, 1797....</td>\n",
       "      <td>389376</td>\n",
       "    </tr>\n",
       "    <tr>\n",
       "      <th>2433</th>\n",
       "      <td>3975</td>\n",
       "      <td>35663</td>\n",
       "      <td>621</td>\n",
       "      <td>621</td>\n",
       "      <td>[1876.9, 1876.1, 1875.3, 1874.5, 1873.7, 1872....</td>\n",
       "      <td>385641</td>\n",
       "    </tr>\n",
       "    <tr>\n",
       "      <th>2408</th>\n",
       "      <td>3950</td>\n",
       "      <td>64398</td>\n",
       "      <td>611</td>\n",
       "      <td>611</td>\n",
       "      <td>[-776.3, -777.1, -777.9, -778.7, -779.5, -780....</td>\n",
       "      <td>373321</td>\n",
       "    </tr>\n",
       "    <tr>\n",
       "      <th>2407</th>\n",
       "      <td>3950</td>\n",
       "      <td>16705</td>\n",
       "      <td>611</td>\n",
       "      <td>611</td>\n",
       "      <td>[-975.5, -976.3, -977.1, -977.9, -978.7, -979....</td>\n",
       "      <td>373321</td>\n",
       "    </tr>\n",
       "    <tr>\n",
       "      <th>3260</th>\n",
       "      <td>50519</td>\n",
       "      <td>23991</td>\n",
       "      <td>601</td>\n",
       "      <td>601</td>\n",
       "      <td>[2010.6, 2009.8, 2009.0, 2008.2, 2007.4, 2006....</td>\n",
       "      <td>361201</td>\n",
       "    </tr>\n",
       "    <tr>\n",
       "      <th>3261</th>\n",
       "      <td>50519</td>\n",
       "      <td>31308</td>\n",
       "      <td>601</td>\n",
       "      <td>601</td>\n",
       "      <td>[1978.6, 1977.8, 1977.0, 1976.2, 1975.4, 1974....</td>\n",
       "      <td>361201</td>\n",
       "    </tr>\n",
       "    <tr>\n",
       "      <th>874</th>\n",
       "      <td>20689</td>\n",
       "      <td>14184</td>\n",
       "      <td>583</td>\n",
       "      <td>583</td>\n",
       "      <td>[-1443.0, -1443.8, -1444.6, -1445.4, -1446.2, ...</td>\n",
       "      <td>339889</td>\n",
       "    </tr>\n",
       "    <tr>\n",
       "      <th>875</th>\n",
       "      <td>20689</td>\n",
       "      <td>48572</td>\n",
       "      <td>583</td>\n",
       "      <td>583</td>\n",
       "      <td>[-1326.0, -1326.8, -1327.6, -1328.4, -1329.2, ...</td>\n",
       "      <td>339889</td>\n",
       "    </tr>\n",
       "    <tr>\n",
       "      <th>2695</th>\n",
       "      <td>43201</td>\n",
       "      <td>33794</td>\n",
       "      <td>552</td>\n",
       "      <td>552</td>\n",
       "      <td>[1838.0, 1837.2, 1836.4, 1835.6, 1834.8, 1834....</td>\n",
       "      <td>304704</td>\n",
       "    </tr>\n",
       "    <tr>\n",
       "      <th>3341</th>\n",
       "      <td>5149</td>\n",
       "      <td>28128</td>\n",
       "      <td>544</td>\n",
       "      <td>544</td>\n",
       "      <td>[1455.5, 1454.7, 1453.9, 1453.1, 1452.3, 1451....</td>\n",
       "      <td>295936</td>\n",
       "    </tr>\n",
       "    <tr>\n",
       "      <th>2928</th>\n",
       "      <td>46583</td>\n",
       "      <td>12323</td>\n",
       "      <td>543</td>\n",
       "      <td>543</td>\n",
       "      <td>[-156.5, -159.0, -161.5, -164.0, -166.5, -169....</td>\n",
       "      <td>294849</td>\n",
       "    </tr>\n",
       "    <tr>\n",
       "      <th>1010</th>\n",
       "      <td>2254</td>\n",
       "      <td>687</td>\n",
       "      <td>538</td>\n",
       "      <td>538</td>\n",
       "      <td>[-419.6, -420.4, -421.2, -422.0, -422.8, -423....</td>\n",
       "      <td>289444</td>\n",
       "    </tr>\n",
       "    <tr>\n",
       "      <th>1009</th>\n",
       "      <td>2254</td>\n",
       "      <td>15570</td>\n",
       "      <td>538</td>\n",
       "      <td>538</td>\n",
       "      <td>[-475.0, -476.0, -477.0, -478.0, -479.0, -480....</td>\n",
       "      <td>289444</td>\n",
       "    </tr>\n",
       "    <tr>\n",
       "      <th>1296</th>\n",
       "      <td>26009</td>\n",
       "      <td>6135</td>\n",
       "      <td>535</td>\n",
       "      <td>535</td>\n",
       "      <td>[-757.5, -759.1, -760.7, -762.3, -763.9, -765....</td>\n",
       "      <td>286225</td>\n",
       "    </tr>\n",
       "    <tr>\n",
       "      <th>2211</th>\n",
       "      <td>37028</td>\n",
       "      <td>45013</td>\n",
       "      <td>532</td>\n",
       "      <td>532</td>\n",
       "      <td>[-810.6, -811.4, -812.2, -813.0, -813.8, -814....</td>\n",
       "      <td>283024</td>\n",
       "    </tr>\n",
       "    <tr>\n",
       "      <th>2210</th>\n",
       "      <td>37028</td>\n",
       "      <td>25758</td>\n",
       "      <td>532</td>\n",
       "      <td>532</td>\n",
       "      <td>[-845.0, -846.0, -847.0, -848.0, -849.0, -850....</td>\n",
       "      <td>283024</td>\n",
       "    </tr>\n",
       "    <tr>\n",
       "      <th>2696</th>\n",
       "      <td>43201</td>\n",
       "      <td>37579</td>\n",
       "      <td>532</td>\n",
       "      <td>532</td>\n",
       "      <td>[1942.6, 1941.8, 1941.0, 1940.2, 1939.4, 1938....</td>\n",
       "      <td>283024</td>\n",
       "    </tr>\n",
       "    <tr>\n",
       "      <th>3342</th>\n",
       "      <td>5149</td>\n",
       "      <td>51175</td>\n",
       "      <td>528</td>\n",
       "      <td>528</td>\n",
       "      <td>[1454.5, 1453.7, 1452.9, 1452.1, 1451.3, 1450....</td>\n",
       "      <td>278784</td>\n",
       "    </tr>\n",
       "    <tr>\n",
       "      <th>4390</th>\n",
       "      <td>64769</td>\n",
       "      <td>11211</td>\n",
       "      <td>527</td>\n",
       "      <td>527</td>\n",
       "      <td>[1490.7, 1489.9, 1489.1, 1488.3, 1487.5, 1486....</td>\n",
       "      <td>277729</td>\n",
       "    </tr>\n",
       "    <tr>\n",
       "      <th>2949</th>\n",
       "      <td>46831</td>\n",
       "      <td>21985</td>\n",
       "      <td>525</td>\n",
       "      <td>525</td>\n",
       "      <td>[1641.0, 1640.2, 1639.4, 1638.6, 1637.8, 1637....</td>\n",
       "      <td>275625</td>\n",
       "    </tr>\n",
       "    <tr>\n",
       "      <th>3091</th>\n",
       "      <td>4852</td>\n",
       "      <td>24485</td>\n",
       "      <td>525</td>\n",
       "      <td>525</td>\n",
       "      <td>[1554.0, 1553.2, 1552.4, 1551.6, 1550.8, 1550....</td>\n",
       "      <td>275625</td>\n",
       "    </tr>\n",
       "    <tr>\n",
       "      <th>1341</th>\n",
       "      <td>26473</td>\n",
       "      <td>11365</td>\n",
       "      <td>525</td>\n",
       "      <td>525</td>\n",
       "      <td>[1631.0, 1627.0, 1623.0, 1619.0, 1615.0, 1611....</td>\n",
       "      <td>275625</td>\n",
       "    </tr>\n",
       "    <tr>\n",
       "      <th>1486</th>\n",
       "      <td>28211</td>\n",
       "      <td>9673</td>\n",
       "      <td>525</td>\n",
       "      <td>525</td>\n",
       "      <td>[1909.6, 1908.8, 1908.0, 1907.2, 1906.4, 1905....</td>\n",
       "      <td>275625</td>\n",
       "    </tr>\n",
       "    <tr>\n",
       "      <th>2950</th>\n",
       "      <td>46831</td>\n",
       "      <td>35782</td>\n",
       "      <td>521</td>\n",
       "      <td>521</td>\n",
       "      <td>[1639.9, 1639.1, 1638.3, 1637.5, 1636.7, 1635....</td>\n",
       "      <td>271441</td>\n",
       "    </tr>\n",
       "    <tr>\n",
       "      <th>2129</th>\n",
       "      <td>35997</td>\n",
       "      <td>62704</td>\n",
       "      <td>519</td>\n",
       "      <td>519</td>\n",
       "      <td>[595.7999, 595.0, 594.2, 593.4, 592.5999, 591....</td>\n",
       "      <td>269361</td>\n",
       "    </tr>\n",
       "    <tr>\n",
       "      <th>2128</th>\n",
       "      <td>35997</td>\n",
       "      <td>53141</td>\n",
       "      <td>519</td>\n",
       "      <td>519</td>\n",
       "      <td>[562.9, 562.0999, 561.2999, 560.5, 559.7, 558....</td>\n",
       "      <td>269361</td>\n",
       "    </tr>\n",
       "    <tr>\n",
       "      <th>1806</th>\n",
       "      <td>31966</td>\n",
       "      <td>41490</td>\n",
       "      <td>517</td>\n",
       "      <td>517</td>\n",
       "      <td>[-968.0, -969.6, -971.2, -972.8, -974.4, -976....</td>\n",
       "      <td>267289</td>\n",
       "    </tr>\n",
       "    <tr>\n",
       "      <th>1807</th>\n",
       "      <td>31966</td>\n",
       "      <td>49736</td>\n",
       "      <td>517</td>\n",
       "      <td>517</td>\n",
       "      <td>[-824.8, -825.2, -825.6, -826.0, -826.4, -826....</td>\n",
       "      <td>267289</td>\n",
       "    </tr>\n",
       "    <tr>\n",
       "      <th>1036</th>\n",
       "      <td>22957</td>\n",
       "      <td>57042</td>\n",
       "      <td>517</td>\n",
       "      <td>517</td>\n",
       "      <td>[1906.5, 1905.7, 1904.9, 1904.1, 1903.3, 1902....</td>\n",
       "      <td>267289</td>\n",
       "    </tr>\n",
       "    <tr>\n",
       "      <th>1803</th>\n",
       "      <td>31927</td>\n",
       "      <td>47897</td>\n",
       "      <td>513</td>\n",
       "      <td>513</td>\n",
       "      <td>[-718.0, -718.8, -719.6, -720.4, -721.2, -722....</td>\n",
       "      <td>263169</td>\n",
       "    </tr>\n",
       "  </tbody>\n",
       "</table>\n",
       "</div>"
      ],
      "text/plain": [
       "      patient_id  series_id  shape_h  shape_w  \\\n",
       "2432        3975      18519      624      624   \n",
       "2433        3975      35663      621      621   \n",
       "2408        3950      64398      611      611   \n",
       "2407        3950      16705      611      611   \n",
       "3260       50519      23991      601      601   \n",
       "3261       50519      31308      601      601   \n",
       "874        20689      14184      583      583   \n",
       "875        20689      48572      583      583   \n",
       "2695       43201      33794      552      552   \n",
       "3341        5149      28128      544      544   \n",
       "2928       46583      12323      543      543   \n",
       "1010        2254        687      538      538   \n",
       "1009        2254      15570      538      538   \n",
       "1296       26009       6135      535      535   \n",
       "2211       37028      45013      532      532   \n",
       "2210       37028      25758      532      532   \n",
       "2696       43201      37579      532      532   \n",
       "3342        5149      51175      528      528   \n",
       "4390       64769      11211      527      527   \n",
       "2949       46831      21985      525      525   \n",
       "3091        4852      24485      525      525   \n",
       "1341       26473      11365      525      525   \n",
       "1486       28211       9673      525      525   \n",
       "2950       46831      35782      521      521   \n",
       "2129       35997      62704      519      519   \n",
       "2128       35997      53141      519      519   \n",
       "1806       31966      41490      517      517   \n",
       "1807       31966      49736      517      517   \n",
       "1036       22957      57042      517      517   \n",
       "1803       31927      47897      513      513   \n",
       "\n",
       "                                            z_positions    area  \n",
       "2432  [1801.5, 1800.7, 1799.9, 1799.1, 1798.3, 1797....  389376  \n",
       "2433  [1876.9, 1876.1, 1875.3, 1874.5, 1873.7, 1872....  385641  \n",
       "2408  [-776.3, -777.1, -777.9, -778.7, -779.5, -780....  373321  \n",
       "2407  [-975.5, -976.3, -977.1, -977.9, -978.7, -979....  373321  \n",
       "3260  [2010.6, 2009.8, 2009.0, 2008.2, 2007.4, 2006....  361201  \n",
       "3261  [1978.6, 1977.8, 1977.0, 1976.2, 1975.4, 1974....  361201  \n",
       "874   [-1443.0, -1443.8, -1444.6, -1445.4, -1446.2, ...  339889  \n",
       "875   [-1326.0, -1326.8, -1327.6, -1328.4, -1329.2, ...  339889  \n",
       "2695  [1838.0, 1837.2, 1836.4, 1835.6, 1834.8, 1834....  304704  \n",
       "3341  [1455.5, 1454.7, 1453.9, 1453.1, 1452.3, 1451....  295936  \n",
       "2928  [-156.5, -159.0, -161.5, -164.0, -166.5, -169....  294849  \n",
       "1010  [-419.6, -420.4, -421.2, -422.0, -422.8, -423....  289444  \n",
       "1009  [-475.0, -476.0, -477.0, -478.0, -479.0, -480....  289444  \n",
       "1296  [-757.5, -759.1, -760.7, -762.3, -763.9, -765....  286225  \n",
       "2211  [-810.6, -811.4, -812.2, -813.0, -813.8, -814....  283024  \n",
       "2210  [-845.0, -846.0, -847.0, -848.0, -849.0, -850....  283024  \n",
       "2696  [1942.6, 1941.8, 1941.0, 1940.2, 1939.4, 1938....  283024  \n",
       "3342  [1454.5, 1453.7, 1452.9, 1452.1, 1451.3, 1450....  278784  \n",
       "4390  [1490.7, 1489.9, 1489.1, 1488.3, 1487.5, 1486....  277729  \n",
       "2949  [1641.0, 1640.2, 1639.4, 1638.6, 1637.8, 1637....  275625  \n",
       "3091  [1554.0, 1553.2, 1552.4, 1551.6, 1550.8, 1550....  275625  \n",
       "1341  [1631.0, 1627.0, 1623.0, 1619.0, 1615.0, 1611....  275625  \n",
       "1486  [1909.6, 1908.8, 1908.0, 1907.2, 1906.4, 1905....  275625  \n",
       "2950  [1639.9, 1639.1, 1638.3, 1637.5, 1636.7, 1635....  271441  \n",
       "2129  [595.7999, 595.0, 594.2, 593.4, 592.5999, 591....  269361  \n",
       "2128  [562.9, 562.0999, 561.2999, 560.5, 559.7, 558....  269361  \n",
       "1806  [-968.0, -969.6, -971.2, -972.8, -974.4, -976....  267289  \n",
       "1807  [-824.8, -825.2, -825.6, -826.0, -826.4, -826....  267289  \n",
       "1036  [1906.5, 1905.7, 1904.9, 1904.1, 1903.3, 1902....  267289  \n",
       "1803  [-718.0, -718.8, -719.6, -720.4, -721.2, -722....  263169  "
      ]
     },
     "metadata": {},
     "output_type": "display_data"
    },
    {
     "data": {
      "text/markdown": [
       "## Area"
      ],
      "text/plain": [
       "<IPython.core.display.Markdown object>"
      ]
     },
     "metadata": {},
     "output_type": "display_data"
    },
    {
     "data": {
      "text/html": [
       "<div>\n",
       "<style scoped>\n",
       "    .dataframe tbody tr th:only-of-type {\n",
       "        vertical-align: middle;\n",
       "    }\n",
       "\n",
       "    .dataframe tbody tr th {\n",
       "        vertical-align: top;\n",
       "    }\n",
       "\n",
       "    .dataframe thead th {\n",
       "        text-align: right;\n",
       "    }\n",
       "</style>\n",
       "<table border=\"1\" class=\"dataframe\">\n",
       "  <thead>\n",
       "    <tr style=\"text-align: right;\">\n",
       "      <th></th>\n",
       "      <th>patient_id</th>\n",
       "      <th>series_id</th>\n",
       "      <th>shape_h</th>\n",
       "      <th>shape_w</th>\n",
       "      <th>z_positions</th>\n",
       "      <th>area</th>\n",
       "    </tr>\n",
       "  </thead>\n",
       "  <tbody>\n",
       "    <tr>\n",
       "      <th>2432</th>\n",
       "      <td>3975</td>\n",
       "      <td>18519</td>\n",
       "      <td>624</td>\n",
       "      <td>624</td>\n",
       "      <td>[1801.5, 1800.7, 1799.9, 1799.1, 1798.3, 1797....</td>\n",
       "      <td>389376</td>\n",
       "    </tr>\n",
       "    <tr>\n",
       "      <th>2433</th>\n",
       "      <td>3975</td>\n",
       "      <td>35663</td>\n",
       "      <td>621</td>\n",
       "      <td>621</td>\n",
       "      <td>[1876.9, 1876.1, 1875.3, 1874.5, 1873.7, 1872....</td>\n",
       "      <td>385641</td>\n",
       "    </tr>\n",
       "    <tr>\n",
       "      <th>2408</th>\n",
       "      <td>3950</td>\n",
       "      <td>64398</td>\n",
       "      <td>611</td>\n",
       "      <td>611</td>\n",
       "      <td>[-776.3, -777.1, -777.9, -778.7, -779.5, -780....</td>\n",
       "      <td>373321</td>\n",
       "    </tr>\n",
       "    <tr>\n",
       "      <th>2407</th>\n",
       "      <td>3950</td>\n",
       "      <td>16705</td>\n",
       "      <td>611</td>\n",
       "      <td>611</td>\n",
       "      <td>[-975.5, -976.3, -977.1, -977.9, -978.7, -979....</td>\n",
       "      <td>373321</td>\n",
       "    </tr>\n",
       "    <tr>\n",
       "      <th>3261</th>\n",
       "      <td>50519</td>\n",
       "      <td>31308</td>\n",
       "      <td>601</td>\n",
       "      <td>601</td>\n",
       "      <td>[1978.6, 1977.8, 1977.0, 1976.2, 1975.4, 1974....</td>\n",
       "      <td>361201</td>\n",
       "    </tr>\n",
       "    <tr>\n",
       "      <th>3260</th>\n",
       "      <td>50519</td>\n",
       "      <td>23991</td>\n",
       "      <td>601</td>\n",
       "      <td>601</td>\n",
       "      <td>[2010.6, 2009.8, 2009.0, 2008.2, 2007.4, 2006....</td>\n",
       "      <td>361201</td>\n",
       "    </tr>\n",
       "    <tr>\n",
       "      <th>874</th>\n",
       "      <td>20689</td>\n",
       "      <td>14184</td>\n",
       "      <td>583</td>\n",
       "      <td>583</td>\n",
       "      <td>[-1443.0, -1443.8, -1444.6, -1445.4, -1446.2, ...</td>\n",
       "      <td>339889</td>\n",
       "    </tr>\n",
       "    <tr>\n",
       "      <th>875</th>\n",
       "      <td>20689</td>\n",
       "      <td>48572</td>\n",
       "      <td>583</td>\n",
       "      <td>583</td>\n",
       "      <td>[-1326.0, -1326.8, -1327.6, -1328.4, -1329.2, ...</td>\n",
       "      <td>339889</td>\n",
       "    </tr>\n",
       "    <tr>\n",
       "      <th>2695</th>\n",
       "      <td>43201</td>\n",
       "      <td>33794</td>\n",
       "      <td>552</td>\n",
       "      <td>552</td>\n",
       "      <td>[1838.0, 1837.2, 1836.4, 1835.6, 1834.8, 1834....</td>\n",
       "      <td>304704</td>\n",
       "    </tr>\n",
       "    <tr>\n",
       "      <th>3341</th>\n",
       "      <td>5149</td>\n",
       "      <td>28128</td>\n",
       "      <td>544</td>\n",
       "      <td>544</td>\n",
       "      <td>[1455.5, 1454.7, 1453.9, 1453.1, 1452.3, 1451....</td>\n",
       "      <td>295936</td>\n",
       "    </tr>\n",
       "    <tr>\n",
       "      <th>2928</th>\n",
       "      <td>46583</td>\n",
       "      <td>12323</td>\n",
       "      <td>543</td>\n",
       "      <td>543</td>\n",
       "      <td>[-156.5, -159.0, -161.5, -164.0, -166.5, -169....</td>\n",
       "      <td>294849</td>\n",
       "    </tr>\n",
       "    <tr>\n",
       "      <th>1010</th>\n",
       "      <td>2254</td>\n",
       "      <td>687</td>\n",
       "      <td>538</td>\n",
       "      <td>538</td>\n",
       "      <td>[-419.6, -420.4, -421.2, -422.0, -422.8, -423....</td>\n",
       "      <td>289444</td>\n",
       "    </tr>\n",
       "    <tr>\n",
       "      <th>1009</th>\n",
       "      <td>2254</td>\n",
       "      <td>15570</td>\n",
       "      <td>538</td>\n",
       "      <td>538</td>\n",
       "      <td>[-475.0, -476.0, -477.0, -478.0, -479.0, -480....</td>\n",
       "      <td>289444</td>\n",
       "    </tr>\n",
       "    <tr>\n",
       "      <th>1296</th>\n",
       "      <td>26009</td>\n",
       "      <td>6135</td>\n",
       "      <td>535</td>\n",
       "      <td>535</td>\n",
       "      <td>[-757.5, -759.1, -760.7, -762.3, -763.9, -765....</td>\n",
       "      <td>286225</td>\n",
       "    </tr>\n",
       "    <tr>\n",
       "      <th>2210</th>\n",
       "      <td>37028</td>\n",
       "      <td>25758</td>\n",
       "      <td>532</td>\n",
       "      <td>532</td>\n",
       "      <td>[-845.0, -846.0, -847.0, -848.0, -849.0, -850....</td>\n",
       "      <td>283024</td>\n",
       "    </tr>\n",
       "    <tr>\n",
       "      <th>2696</th>\n",
       "      <td>43201</td>\n",
       "      <td>37579</td>\n",
       "      <td>532</td>\n",
       "      <td>532</td>\n",
       "      <td>[1942.6, 1941.8, 1941.0, 1940.2, 1939.4, 1938....</td>\n",
       "      <td>283024</td>\n",
       "    </tr>\n",
       "    <tr>\n",
       "      <th>2211</th>\n",
       "      <td>37028</td>\n",
       "      <td>45013</td>\n",
       "      <td>532</td>\n",
       "      <td>532</td>\n",
       "      <td>[-810.6, -811.4, -812.2, -813.0, -813.8, -814....</td>\n",
       "      <td>283024</td>\n",
       "    </tr>\n",
       "    <tr>\n",
       "      <th>3342</th>\n",
       "      <td>5149</td>\n",
       "      <td>51175</td>\n",
       "      <td>528</td>\n",
       "      <td>528</td>\n",
       "      <td>[1454.5, 1453.7, 1452.9, 1452.1, 1451.3, 1450....</td>\n",
       "      <td>278784</td>\n",
       "    </tr>\n",
       "    <tr>\n",
       "      <th>4390</th>\n",
       "      <td>64769</td>\n",
       "      <td>11211</td>\n",
       "      <td>527</td>\n",
       "      <td>527</td>\n",
       "      <td>[1490.7, 1489.9, 1489.1, 1488.3, 1487.5, 1486....</td>\n",
       "      <td>277729</td>\n",
       "    </tr>\n",
       "    <tr>\n",
       "      <th>1486</th>\n",
       "      <td>28211</td>\n",
       "      <td>9673</td>\n",
       "      <td>525</td>\n",
       "      <td>525</td>\n",
       "      <td>[1909.6, 1908.8, 1908.0, 1907.2, 1906.4, 1905....</td>\n",
       "      <td>275625</td>\n",
       "    </tr>\n",
       "    <tr>\n",
       "      <th>2949</th>\n",
       "      <td>46831</td>\n",
       "      <td>21985</td>\n",
       "      <td>525</td>\n",
       "      <td>525</td>\n",
       "      <td>[1641.0, 1640.2, 1639.4, 1638.6, 1637.8, 1637....</td>\n",
       "      <td>275625</td>\n",
       "    </tr>\n",
       "    <tr>\n",
       "      <th>1341</th>\n",
       "      <td>26473</td>\n",
       "      <td>11365</td>\n",
       "      <td>525</td>\n",
       "      <td>525</td>\n",
       "      <td>[1631.0, 1627.0, 1623.0, 1619.0, 1615.0, 1611....</td>\n",
       "      <td>275625</td>\n",
       "    </tr>\n",
       "    <tr>\n",
       "      <th>3091</th>\n",
       "      <td>4852</td>\n",
       "      <td>24485</td>\n",
       "      <td>525</td>\n",
       "      <td>525</td>\n",
       "      <td>[1554.0, 1553.2, 1552.4, 1551.6, 1550.8, 1550....</td>\n",
       "      <td>275625</td>\n",
       "    </tr>\n",
       "    <tr>\n",
       "      <th>2950</th>\n",
       "      <td>46831</td>\n",
       "      <td>35782</td>\n",
       "      <td>521</td>\n",
       "      <td>521</td>\n",
       "      <td>[1639.9, 1639.1, 1638.3, 1637.5, 1636.7, 1635....</td>\n",
       "      <td>271441</td>\n",
       "    </tr>\n",
       "    <tr>\n",
       "      <th>2128</th>\n",
       "      <td>35997</td>\n",
       "      <td>53141</td>\n",
       "      <td>519</td>\n",
       "      <td>519</td>\n",
